time,x,y,z,phi,theta,psi,x_velocity,y_velocity,z_velocity,phi_velocity,theta_velocity,psi_velocity,rotor_speed1,rotor_speed2,rotor_speed3,rotor_speed4
0.06,-5.532504017317266e-07,7.377963416631859e-06,10.00378967711064,0.001615014655709679,6.994747381749988e-05,0.0,-3.0440583293530125e-05,0.0004330416495685412,0.12631608506260555,-0.015172852629146862,-0.0043357847728211114,0.0,445.1027445512229,444.7478624110414,446.0372971100995,444.79674339577855
0.12000000000000001,-2.177267578307819e-05,8.807659622928983e-05,10.017160745196676,0.005873999171289945,0.0037888840350897013,0.0,-0.0011342126568021278,0.0027224784656823806,0.31934938525081225,0.008562340013015573,-0.027420264953918885,0.0,466.78032147702,464.97576381744983,464.2253399623097,466.08381249448024
0.18,-0.00016633650543122414,0.0003853274257818299,10.040586318602918,0.007285002487661174,0.002139669784915199,0.0,-0.003508254929516823,0.007328322167109391,0.4614554277654312,0.017807979838252545,-0.029600442438657462,0.0,450.2886004539633,450.1120255273078,449.8173997402555,450.565260000608
0.23999999999999996,-0.00042834778615757,0.0010070718921018115,10.074908557586326,0.008450707630858645,0.0022589013451721485,0.0,-0.005222846666838074,0.013532593509332497,0.6825120162400536,0.020228324451822294,-0.015672053113657818,0.0,472.85934023663094,473.93086141016107,474.5484592157598,474.73410343386985
0.3,-0.0008265660991463682,0.0020333325592567105,10.122851250886894,0.009704727315402728,0.009120706626482011,0.0,-0.008849679184746603,0.020831779451037695,0.915415305677416,0.016522560366774713,0.01374978881942007,0.0,476.7173429716084,478.9599686120665,477.7612618226189,477.47859889818585
0.36000000000000004,-0.0015754457259835627,0.0035232855577702464,10.183560410304928,0.012349898437462592,0.00999595832469602,0.0,-0.016217262225403345,0.02915541515532628,1.108051786856008,0.0011840223127918105,0.009816326037141165,0.0,467.8412431903461,467.53478880336013,465.4090844946868,464.207051696889
0.4200000000000001,-0.002734691949366161,0.0055024723939351506,10.250805653809739,0.012903669731950451,0.010574384670084314,0.0,-0.02247812496991529,0.03687557629851038,1.1334298945900216,-0.0077209500805091435,0.008199671831689367,0.0,413.9293898761112,413.7869964406036,414.1990214694931,413.4152491101005
0.48000000000000015,-0.0043319423925630976,0.008048804477417907,10.324444220528092,0.021116361073904244,0.011118303565455179,0.0,-0.030822195641352808,0.04890762516255939,1.3209758617703695,0.02336768722119582,0.009769631231965241,0.0,465.42429107907907,465.547011104007,463.6374284208204,466.07328464258387
0.5400000000000001,-0.006461935886749352,0.011496182855553946,10.409568239000741,0.025082944096128656,0.015826205830200557,0.0,-0.040696973172855117,0.06644105866988959,1.5162357350346212,0.039751156236937875,0.03084170159711951,0.0,467.88748387515864,469.52492509727335,466.51971451455717,467.7973028371127
0.6000000000000002,-0.009218239477978729,0.01597954382735489,10.502325313293563,0.027704734614556692,0.0176820962146218,0.0,-0.051356503208916555,0.08324956526476278,1.5755762853481678,0.044014181431568135,0.031086181457769178,0.0,426.4000588706673,426.4213122475777,425.82482396943186,426.1902918142266
0.6600000000000003,-0.012664810219802496,0.021536280534063857,10.598949079547076,0.03148769198681123,0.02227276030324532,0.0,-0.06395864627423993,0.10235321047563804,1.645097388687707,0.031045653901001273,0.04801055036518445,0.0,428.7662449817933,430.2022699246791,430.5197309237258,429.4220072597179
0.7200000000000003,-0.01702115187180399,0.028388161240085207,10.702318335628462,0.03336379967868641,0.027681656007989552,0.0,-0.0818256629211809,0.12624064439816268,1.800290258002592,0.031590375943500094,0.0642696899168864,0.0,455.87171340753224,457.1707795341681,457.223672968393,457.26737456549307
0.7800000000000004,-0.022462090503155542,0.036599933214391506,10.809740458032303,0.05407930964664498,0.04550828806492557,0.0,-0.10107874612748374,0.1492707463400555,1.780349045892601,-0.017147550614152143,0.022107288651678637,0.0,402.89184961956556,399.0638821971157,402.552244925471,398.1179413796028
0.8400000000000004,-0.02951838129262629,0.04668235963814007,10.919718751072836,0.05379032579171206,0.055883841310867766,0.0,-0.1352253668341002,0.18677831260910294,1.885367375094275,-0.027846281283431137,-0.012067460898225427,0.0,443.4267901702151,440.6106103951614,442.8154934418162,441.93458294672604
0.9000000000000005,-0.03869307039527321,0.05889810366359001,11.033785496186722,0.05568635195988758,0.06178313565926796,0.0,-0.17111226867210458,0.22060160536723925,1.9167575486870625,-0.04976980015229582,0.014950316147340504,0.0,417.92674990138113,420.2749352874407,419.49756103855077,417.58895416725227
0.9600000000000005,-0.05036264657943123,0.07338250054218348,11.1536278135122,0.054702080635654404,0.0641225146003741,0.0,-0.21810316532752483,0.2620679074301676,2.077689912870073,-0.03542428763449878,0.026960985020386703,0.0,459.6386973308714,460.5894596629154,459.6726873471853,460.8069192167962
1.0200000000000005,-0.06475415398116818,0.09020148999086627,11.280790180894094,0.052566264037685606,0.06628079072676751,0.0,-0.2618288469069345,0.29834132910890965,2.160889748632348,-0.03618026841683987,0.017617530290812592,0.0,436.80040998748666,436.0206412884867,436.82669629212114,436.76306788231835
1.0800000000000005,-0.0818278291631409,0.10916518797113753,11.41308577596946,0.05185785386903685,0.0702641249561804,0.0,-0.3076651869654951,0.3336855223410573,2.248762167987673,-0.02407895523382092,0.035194925788858335,0.0,438.18911785534925,439.6479317200981,437.5166325981878,438.5225562414254
1.1400000000000006,-0.10204490215048141,0.13046337807875627,11.555097592911258,0.05080593894554397,0.07281530724322938,0.0,-0.3665264228067197,0.37608881368873287,2.484451465754785,-0.018309179527041572,0.02663415079017164,0.0,483.61066449060905,482.9657486881269,483.9065590455549,484.3406939297273
1.2000000000000006,-0.1255738339816899,0.1540608945351401,11.706916837947263,0.04990932048667496,0.08526428837650268,0.0,-0.4189761112275075,0.41039184757659664,2.5758801054877307,-0.024576010582286877,0.061538691972581494,0.0,440.0586837509035,442.9393187058308,441.1835943042609,440.6658871543522
1.2600000000000007,-0.1523864696397851,0.17965498425186235,11.86316020157799,0.0523015344708746,0.09000584647077048,0.0,-0.47521264263383683,0.44294135582693644,2.632035378027927,-0.00420170317436528,0.07162321663464258,0.0,429.9617547994981,430.81852616996383,429.83025180426677,431.55346360638583
1.3200000000000007,-0.18272244115732295,0.20727076046762288,12.023347629224196,0.05226306418999371,0.095267499840749,0.0,-0.5365021233199737,0.4775702650785935,2.707298934431131,-0.010605112594601937,0.059599120583690095,0.0,438.0108531677851,437.0132693125258,437.0540919400092,436.5201700708951
1.3800000000000008,-0.21693509988653345,0.23701005205616033,12.188980123473707,0.05189147171407793,0.1011343584869211,0.0,-0.6045198984108521,0.5136860824073054,2.813442265278784,-0.01756757406387737,0.04177503213003479,0.0,449.55884832844345,448.1141815380385,446.39634053821356,445.8279473241978
1.4400000000000008,-0.25513671985904385,0.2688141230215582,12.35898386242021,0.054852873040987404,0.10409265825135261,0.0,-0.6691312578230139,0.5466943933897954,2.853181764379829,0.003216386946016686,0.048035107396946775,0.0,426.0429607496265,426.57904377394453,426.58909562755133,428.3602777017479
1.5000000000000009,-0.2975500608377349,0.3027899738412911,12.533978353720734,0.055482025960444936,0.10749125195521803,0.0,-0.744987241927188,0.5858674609000148,2.979569460376074,0.009349928459816274,0.03887125375473838,0.0,454.79751720757054,454.0640725258132,455.0352545483332,455.5259070129826
1.560000000000001,-0.34441835587906305,0.3390428312139014,12.71500894913818,0.05607681731816605,0.10992571983771438,0.0,-0.8175183512779828,0.6225987945717937,3.0545225170912227,0.010494174086377055,0.03396922757308513,0.0,440.7866901628987,440.3820564708164,438.44767841594364,438.5426129096978
1.620000000000001,-0.39573031053713364,0.37753350021805093,12.900910281346755,0.05734009538699514,0.11209074298834665,0.0,-0.893083472736227,0.6605200971432688,3.1418823226523833,0.01809616432293075,0.028686828520216874,0.0,444.03418382252966,443.601004160964,443.9773857193659,444.60056396734075
1.680000000000001,-0.45156824397525347,0.4182854882428262,13.091358670928718,0.05875728766278243,0.12031083845547119,0.0,-0.9689876290354555,0.6979995362241894,3.2060652096588336,0.01047656451988161,-0.000465092564883288,0.0,438.65117374194244,436.22355544880486,437.64011165042854,437.00532860501926
1.740000000000001,-0.5124849640524202,0.4615312639142494,13.288809833260485,0.06834778777954931,0.12260771215080091,0.0,-1.061758072081167,0.7445302281808391,3.3749925304216104,0.04209217297383348,0.01508049995970732,0.0,470.34378557050775,471.5461677607748,468.94142558486647,471.39098629243415
1.8000000000000012,-0.578990826224662,0.5077422945419777,13.496138583817425,0.07088211325566274,0.12407236432431201,0.0,-1.1552088335331052,0.7960758772557819,3.5353785163471145,0.03931210529120433,0.022164097892025475,0.0,468.64542353608164,469.19562389362386,469.77927022590023,469.5644421306256
1.8600000000000012,-0.6507697702484933,0.5568846015733318,13.710060817037672,0.07323330761813196,0.12732640586164123,0.0,-1.2377381230520996,0.8421991245739305,3.5950565513739035,0.038844469826790844,0.005721231928978844,0.0,440.02191358582917,438.65845533198603,439.2464467038393,439.2084462509078
1.9200000000000013,-0.7274779811323424,0.608794199047243,13.926926915474368,0.076130772647935,0.12839664382066385,0.0,-1.3192936474156403,0.8883769842324328,3.6335999118440503,0.02931025874713751,0.01393801997506293,0.0,432.98437715145127,433.67503526536433,433.242373481164,432.44055077879807
1.9800000000000013,-0.8087371368066386,0.6633049164401825,14.143255680612375,0.07788568666180762,0.129931327936192,0.0,-1.3895016367800193,0.9287867080681751,3.5774664266912755,0.027112055777580142,0.0219709807733915,0.0,401.69909268624593,402.4268921940349,401.0782995373111,400.87891059064856
2.0400000000000014,-0.8942823886418353,0.7202978658664291,14.356528739313699,0.08166583628104451,0.13189106037396936,0.0,-1.4622105462372128,0.9712932165212527,3.5316772348889613,0.009792068123975591,0.01191558155810048,0.0,405.45970677397577,404.5552286306182,405.6181001676707,404.0596189294865
2.1000000000000014,-0.984793672705357,0.7802352277973499,14.57118097767915,0.08367335982381974,0.13807521732701566,0.0,-1.5554038516104083,1.0267863921248168,3.622919761932712,-0.004516662144147765,0.03636208848713883,0.0,449.0188897543461,450.99788718361367,450.9315910771349,449.7740892786241
2.1600000000000015,-1.081104841109182,0.8435839592219054,14.791934054349001,0.08339327513767625,0.14040177833800627,0.0,-1.6551757964668234,1.084754496918937,3.7350362410925775,-0.005125262682835243,0.03950018568098213,0.0,457.4512080267111,457.7016567816257,457.74640391176655,457.6980535380263
2.2200000000000015,-1.1836369412030376,0.9105026849560242,15.020623175022843,0.08307377294460849,0.14394157475842473,0.0,-1.7629084752895592,1.145764052107475,3.887263430370505,-0.006286036939701308,0.02639141741353134,0.0,471.0596901981864,470.0453084763588,471.2953253219276,471.205691433784
2.2800000000000016,-1.292691953332074,0.9810663399827214,15.258212812140027,0.08585002355563187,0.14874282802114358,0.0,-1.8727427345925396,1.2066095317148648,4.031650741836455,-0.02697578322122388,0.0055044994884799,0.0,469.8325027318901,468.21015878547826,471.6943337359833,470.0938219013387
2.3400000000000016,-1.4083660219455867,1.0552926441309762,15.50401292259905,0.08732245974992114,0.14924794736173563,0.0,-1.9830769108739672,1.2676717071547812,4.161086740855857,-0.008879271094896614,-0.0004306145392261678,0.0,466.5558062171226,466.092079119939,466.69808615230585,468.10855568022583
2.4000000000000017,-1.5310336983826467,1.133412467686231,15.759922423211778,0.08760381550080787,0.14947744966232523,0.0,-2.1057916913036414,1.3362468462886525,4.368312287809194,-0.00012265992786095062,-0.007294523186564789,0.0,491.63629208033296,491.1274719495632,490.5377145991209,491.1876931895931
2.4600000000000017,-1.6606819735183826,1.2154308807664007,16.025605056275506,0.09106734198065336,0.15062689473816882,0.0,-2.215911745214561,1.3980173974438068,4.48711974402008,-0.021766369035952596,-0.02234711429297335,0.0,468.14923222491535,466.97650240683413,466.872000814297,465.1801188678168
2.520000000000002,-1.796784026354751,1.3011004124546133,16.297220295009026,0.09040470993935745,0.15031261491512904,0.0,-2.320775656745775,1.4575182479188862,4.566312124262228,-0.0318345189165229,-0.012383581469882688,0.0,456.17449098300125,456.96956439522495,455.5758092958978,454.7698736948789
2.580000000000002,-1.9390419729479416,1.390232914251884,16.572658407141876,0.08849119747079381,0.14995310183122879,0.0,-2.421134157014233,1.5133357056872943,4.614693433143168,-0.034048291022606786,-0.00669444339760762,0.0,446.398712455109,446.862900028403,447.50813186361825,447.3274784920447
2.640000000000002,-2.087388745959497,1.482708176671877,16.851399108606596,0.08685046085258197,0.15006700690227337,0.0,-2.5237725935936277,1.568952004238019,4.676323952014495,-0.028198644840667343,6.226450019630606e-05,0.0,451.5209527618724,452.06588094004564,451.5448252737545,452.0161816975052
2.700000000000002,-2.241522761323678,1.5782765210655325,17.13128521066648,0.08938985011144851,0.15036024416819416,0.0,-2.614123675231233,1.6168745223160401,4.653185499636965,-0.05196423186528494,-0.007152663275246038,0.0,425.6063976346814,424.9883817639059,425.8960674804437,423.8574963207213
2.760000000000002,-2.4016745606531535,1.67708075107695,17.41359511927036,0.08642129052920122,0.15019790775806374,0.0,-2.7242381346967286,1.6762221398679304,4.756633494280125,-0.057564089503341874,-0.0025682745800834966,0.0,466.0049949969186,466.3633558479134,465.0428409653663,464.60215765180794
2.820000000000002,-2.568482142940649,1.7793956067311332,17.70230316819789,0.08383150871782696,0.15265196055358032,0.0,-2.836225139720998,1.733930700755247,4.866346466793151,-0.06901766700081409,0.013963608013285566,0.0,468.0545944611769,469.33957647146104,468.76057983788564,467.8670700010982
2.880000000000002,-2.7418264619952466,1.8849652825362082,17.9959143718593,0.07970003154965521,0.15788025683881646,0.0,-2.942437899335551,1.7845936209563502,4.920263594468923,-0.07182773400030044,-0.010221083310022482,0.0,452.4096378389424,450.4577735118243,453.8947651617409,453.6655371171143
2.940000000000002,-2.9216358771212616,1.993483140806235,18.292682740109566,0.07634561382726623,0.16100913850123,0.0,-3.051502839443023,1.8322750558455403,4.971639576497622,-0.06225454362724185,0.009803888464412772,0.0,450.92608752778597,452.54116676434137,453.21596293856453,453.98141492369456
3.000000000000002,-3.1087548185896567,2.105121417067321,18.596805076930977,0.07423774941195393,0.16196769208556905,0.0,-3.1858154072826657,1.8886630020700925,5.1647215997709575,-0.07748098621037572,0.015377249334485685,0.0,496.5076064228374,496.91625325368295,495.7917065400075,494.6686632231401
3.0600000000000023,-3.303223256040348,2.219754386027701,18.90793057301531,0.07458543744114898,0.1632221689791269,0.0,-3.296623929471217,1.9323961125388152,5.205771793672231,-0.05416556375223034,0.007753756348585475,0.0,452.80477397121143,452.1908401097488,451.4641923521114,453.3382204105517
3.1200000000000023,-3.5044428206210236,2.3370227934458034,19.221685624791498,0.07407312133821531,0.17343690666847156,0.0,-3.411653562075145,1.9764109180029348,5.252086802995239,-0.03720117665733823,-0.027671664013159673,0.0,456.15912281460993,453.320876515177,454.64867075803187,456.00469248429135
3.1800000000000024,-3.7121973975603453,2.4566977740361944,19.535163412327563,0.07599387035141447,0.17211183728391255,0.0,-3.5135433143801236,2.0128833136047164,5.197335992124773,-0.016045587977825723,-0.03532688155453388,0.0,423.491749046579,422.83227839847024,422.6267365142045,424.44626585231475
3.2400000000000024,-3.9269188419932397,2.578952023232468,19.850220494048024,0.07575790604488564,0.1717688500754777,0.0,-3.643817099228511,2.062146444649206,5.3038962524067035,-0.007830055058258682,-0.051177538461800946,0.0,474.177069407655,472.9568582900587,474.7646456771454,475.3948069328631
3.3000000000000025,-4.149702014937316,2.7042525991125075,20.17293884677683,0.07676118861952386,0.1741129035929312,0.0,-3.7824575397092484,2.1145353864981886,5.452375287139152,0.00431953726269502,-0.026859042318864018,0.0,486.35957959477264,488.17698645328954,488.58229205851444,489.48749910921345
3.3600000000000025,-4.38052647232676,2.8325629718417145,20.502603832694017,0.07774362052449124,0.1746956166870106,0.0,-3.911749872950469,2.162494134339976,5.535832332638347,0.012512706584929109,-0.011787952741811684,0.0,469.870694674097,471.03786284759116,470.77644867576373,471.4099922012775
3.4200000000000026,-4.6191640825647164,2.96378662440634,20.83738133945396,0.08213001245622831,0.1746580789720822,0.0,-4.0428563681639895,2.211981072058129,5.622715766405056,0.03223430531183222,-0.022032803881335068,0.0,473.88976935938155,473.1015685335352,471.99354450950733,473.5134048938261
3.4800000000000026,-4.865761325593012,3.0980930507649935,21.177766978934027,0.08449181631371516,0.17372110242929306,0.0,-4.176967889123001,2.265069371852058,5.7227455261596685,0.023769894832805463,-0.016330755232107995,0.0,477.5758545587373,478.01072162754656,479.42561936631375,478.7821260382156
3.5400000000000027,-5.120777491147406,3.235800423790057,21.526205204686992,0.08622406694524098,0.17298298591110584,0.0,-4.323435073209697,2.325244299568147,5.8907301741014475,0.028747746279744232,-0.012012852286543313,0.0,500.49702099438485,500.81137776503624,498.6712872396474,499.034884457645
3.6000000000000028,-5.383198103712905,3.3764689803266057,21.876743914668445,0.09042787757084447,0.17230354426864825,0.0,-4.424088837260816,2.3640461622016233,5.794247870115542,0.010258537504524002,-0.010683126079791517,0.0,419.0555293800036,419.17124872431265,421.30522266465925,419.70321661405023
3.660000000000003,-5.6523997015648515,3.5198864900218645,22.225286901824663,0.09847457787706304,0.18847696050379703,0.0,-4.5506976026715185,2.417205337412698,5.822751061887557,-0.02082758117987599,-0.05681839606458849,0.0,462.33634977490686,458.6858796127431,461.1976153199504,458.7351868658065
3.720000000000003,-5.9289545547079845,3.6663654038084754,22.57293379086611,0.10207386308218336,0.18630277140204576,0.0,-4.667836316104432,2.465684280389057,5.765640279484364,0.002124270671310777,-0.045786346421597734,0.0,433.3821780699142,434.3067705082491,434.1999192652441,436.12177110742397
3.780000000000003,-6.212653704596134,3.815857422240807,22.917746460070838,0.10241678856230596,0.18391819026585754,0.0,-4.788825617590127,2.517377993629038,5.728218216320385,0.006148897069547148,-0.05369128602334013,0.0,440.68847650036145,440.0329440655737,440.67017091850386,441.00274909561705
3.840000000000003,-6.504320503063976,3.968847832468784,23.26412655006266,0.10428138527913866,0.18072371863415349,0.0,-4.933167607959947,2.5824067295369586,5.81714891841653,-0.008501669100609694,-0.05272793577239288,0.0,479.3001949012848,479.3717755543062,480.85952545871305,479.7481419506089
3.900000000000003,-6.803515493674952,4.125121115910335,23.609674529061373,0.10585319182296526,0.18538943101640903,0.0,-5.040558154347148,2.626795610336709,5.701402188705676,0.006149833603283719,-0.08460350669564215,0.0,417.5458661731021,414.7515883096575,414.65971035965083,415.9452404482109
3.960000000000003,-7.10962624707664,4.284295308480056,23.950366480877243,0.10708784263936799,0.18200358078132606,0.0,-5.163132141686394,2.6790983559599697,5.6551635384184635,-0.005312621642895347,-0.1000968843137703,0.0,438.6141841057858,437.31834076551536,439.0357039815774,438.0833432852046
4.020000000000002,-7.423365781197314,4.446781442519556,24.289841282740362,0.10681136764656429,0.17716197677792156,0.0,-5.294674639089064,2.737027243877277,5.660627349209165,-0.003960369085968719,-0.11317806586735825,0.0,454.85271631408386,453.79436711493895,454.5376562501153,454.64612825473915
4.080000000000001,-7.744343807162783,4.612361921933158,24.626215213209345,0.10696889271866805,0.17117304616777318,0.0,-5.4045471125898095,2.78235327366449,5.552510779964296,0.0018295057222263164,-0.10449687274771764,0.0,417.05578201828394,417.8019380871705,416.4615102405314,416.9678103329148
4.14,-8.073049708246849,4.781407218506247,24.962853247888837,0.11327380181323932,0.16544607584235838,0.0,-5.551855233020399,2.853085301543,5.667995394011966,-0.02666252972529946,-0.0975377057521549,0.0,485.9831731358992,486.4965608810176,488.2410140459118,486.1102359113616
4.199999999999998,-8.40986095595964,4.954337785347223,25.30240792262617,0.11178940446581809,0.16049452208791148,0.0,-5.675057786816466,2.911094458474667,5.650656000013045,-0.023953315612589624,-0.08827281506013998,0.0,446.189589591282,446.9380043649287,448.09388634900904,448.3140093199655
4.259999999999997,-8.75365984038116,5.130454123359362,25.638602870712724,0.1111303661568952,0.15548709373972702,0.0,-5.784920061368809,2.959418684842706,5.556432444299435,-0.03489097234238418,-0.09548289910284809,0.0,421.9929757070619,421.3625770182335,422.227433980353,421.2822478705863
4.319999999999996,-9.104320184690742,5.309647586630726,25.970977280474287,0.10914848061856919,0.1502944183577739,0.0,-5.903661038623114,3.0134965709032406,5.523007026251354,-0.03224027709860458,-0.08857193876285777,0.0,441.0451505112846,441.60831392340737,439.6451241529419,439.8642635580901
4.379999999999995,-9.462345758458422,5.492204632749449,26.302848952961003,0.10741524679468473,0.15925746530834228,0.0,-6.031352999804976,3.0714556179972714,5.538763370033955,-0.03849834347532228,-0.048363168204974036,0.0,453.51063248029794,456.72521947427396,457.2230076504615,456.72358433494117
4.439999999999993,-9.828447465275737,5.67836290371978,26.637192472699965,0.10667442524686521,0.1583668724824303,0.0,-6.172148632592543,3.1336464770940027,5.605486419933073,-0.053472826430492365,-0.06514501314719495,0.0,473.36007224874623,472.06482593667573,473.4722161779419,472.31753199204974
4.499999999999992,-10.202934416271694,5.868164198551409,26.974946018519645,0.10632673352742383,0.15591387110983046,0.0,-6.310770687157537,3.192954987261954,5.652608890812564,-0.07323986988866842,-0.07961663872899305,0.0,468.5489443464947,467.4187655100417,468.491884574211,466.94965189351734
4.559999999999991,-10.585802174118555,6.061527281677347,27.315885772537964,0.10202548374641918,0.15138273914838063,0.0,-6.451353109760672,3.2519567422571987,5.711833757609488,-0.07088810497843566,-0.08637998027754758,0.0,471.97917680424644,471.45176590265896,472.3639353302705,472.5415859974512
4.6199999999999894,-10.977628544226505,6.258754660255286,27.663958084209646,0.11062950434738994,0.14658970470314614,0.0,-6.609136085714989,3.323194629019302,5.889322988771242,-0.11138642995853548,-0.08063694376567741,0.0,507.2530962768441,507.66056310778737,508.4385599793816,505.5231330199843
4.679999999999988,-11.378387301206592,6.460062978841109,28.019296045583193,0.1175042409208471,0.14308572033435674,0.0,-6.7493980816814165,3.3876366497982233,5.9546965960090015,-0.07223371722309019,-0.06912722002788081,0.0,476.4810950958203,477.3561842015393,475.7051452686693,478.68692828163876
4.739999999999987,-11.787602950162395,6.665367166021834,28.378840926399818,0.11403048815075678,0.13896722193338906,0.0,-6.891026859454869,3.455373673828694,6.029780224974358,-0.08366518557216902,-0.07254961694476175,0.0,480.8702343562983,480.60748741097063,481.5995896243697,480.72986547083315
4.799999999999986,-12.204769619037576,6.87421117520017,28.739048326735084,0.11133483814522904,0.13518254865709345,0.0,-7.014648224758703,3.5058292940189255,5.977556529147728,-0.06812194033209894,-0.0654051344971782,0.0,442.3453542794372,442.92969985155725,441.2366361895117,442.51337290826336
4.859999999999984,-12.628976785360283,7.0857000938478,29.093239209105707,0.10806022845550789,0.13234331383631925,0.0,-7.125897004109655,3.5436019922954163,5.8297868712788,-0.059374179894348025,-0.0551316347680213,0.0,409.165975112227,410.07674498805903,408.6248942753217,409.4006807196303
4.919999999999983,-13.060060582260666,7.2995278560644845,29.43980276410181,0.10459030905575695,0.12919718608408637,0.0,-7.243812798410184,3.5837316311883,5.723068589844169,-0.05703268895122556,-0.05176541674934052,0.0,421.3082396770387,421.59716655820637,420.8664178842065,421.0664902397618
4.979999999999982,-13.498799792523,7.516133621481611,29.784158232674077,0.1011570608910013,0.1268488569622015,0.0,-7.3809762298514885,3.636043727659147,5.755297463964014,-0.05852691697954816,-0.0625757405017437,0.0,464.6840790429058,463.8337371291103,464.6042416203374,464.48492083850465
5.0399999999999805,-13.94535452730318,7.735445705099923,30.126971470914334,0.09763343939916957,0.12309955840173181,0.0,-7.504394548123046,3.6740738653114002,5.672441816590933,-0.05972004753923748,-0.06521500978842248,0.0,428.24916320694354,428.0214483301847,427.72376300727075,427.6195350658283
